:volu hall SPHERE 0 0.5*m 0 360 0 360  G4_lXe
:volu roundPMT TUBE 0*cm 23.5*mm 4*micrometer G4_SILICON_DIOXIDE
:volu hexPMT POLYHEDRA 0 360 6 4
0 0
33.7172*mm 0*mm
33.7172*mm 0.001*mm
0 0.001*mm
0 0 0 0
G4_SILICON_DIOXIDE
:rotm r0 -.72007033353769635456 -.69390108427564135384 0 .69390108427564135384 -.72007033353769635456 0 0 0 1.00000000000000000000
:place roundPMT 0 hall r0 0.00000 0.000000 429.890000
:rotm r1 .24091288209170593254 -.89532204012278245738 .37464573627981743586 .97054674449109755126 .22224031383393505502 -.09299601961764955033 0 .38601513879299186692 .92249244583499285448
:place hexPMT 1 hall r1 50.05680 -12.424900 413.865000
:rotm r2 .24091288209170593254 -.89532204012278245738 .37464573627981743586 .97054674449109755126 .22224031383393505502 -.09299601961764955033 0 .38601513879299186692 .92249244583499285448
:place hexPMT 2 hall r2 103.23900 -25.625600 390.936000
:rotm r3 .24091288209170593254 -.89532204012278245738 .37464573627981743586 .97054674449109755126 .22224031383393505502 -.09299601961764955033 0 .38601513879299186692 .92249244583499285448
:place hexPMT 3 hall r3 156.42100 -38.826300 368.007000
:rotm r4 .24091288209170593254 -.89532204012278245738 .37464573627981743586 .97054674449109755126 .22224031383393505502 -.09299601961764955033 0 .38601513879299186692 .92249244583499285448
:place hexPMT 4 hall r4 115.86700 -83.883600 379.934000
:rotm r5 .24091288209170593254 -.89532204012278245738 .37464573627981743586 .97054674449109755126 .22224031383393505502 -.09299601961764955033 0 .38601513879299186692 .92249244583499285448
:place hexPMT 5 hall r5 169.05000 -97.084300 357.005000
:rotm r6 .24091288209170593254 -.89532204012278245738 .37464573627981743586 .97054674449109755126 .22224031383393505502 -.09299601961764955033 0 .38601513879299186692 .92249244583499285448
:place hexPMT 6 hall r6 141.64400 19.965100 379.934000
:rotm r7 .24091288209170593254 -.89532204012278245738 .37464573627981743586 .97054674449109755126 .22224031383393505502 -.09299601961764955033 0 .38601513879299186692 .92249244583499285448
:place hexPMT 7 hall r7 194.82700 6.764410 357.005000
:rotm r8 -.87784969966282177743 .37558430145618035407 .29718064758925107852 -.35575218962323814635 -.92678823498050823275 .12043233403030045510 .32065602189911421005 -.00000117783533607489 .94719571135982636060
:place hexPMT 8 hall r8 87.73530 35.555400 403.386000
:rotm r9 -.87784969966282177743 .37558430145618035407 .29718064758925107852 -.35575218962323814635 -.92678823498050823275 .12043233403030045510 .32065602189911421005 -.00000117783533607489 .94719571135982636060
:place hexPMT 9 hall r9 179.69600 72.818900 369.795000
:rotm r10 .24091288209170593254 -.82559655587074375201 .51024632304077771305 .97054674449109755126 .20493278334996403919 -.12665532387613600385 0 .52573080682303808873 .85065099703532788359
:place hexPMT 10 hall r10 233.30000 52.338200 345.968000
:rotm r11 -.84860018559318365078 -.48803052410566794693 .20421540723550052458 .52903471059205015367 -.78282726074388485262 .32757251842151144425 0 .38601513879299186692 .92249244583499285448
:place hexPMT 11 hall r11 27.28520 43.767400 413.865000
:rotm r12 -.84860018559318365078 -.48803052410566794693 .20421540723550052458 .52903471059205015367 -.78282726074388485262 .32757251842151144425 0 .38601513879299186692 .92249244583499285448
:place hexPMT 12 hall r12 56.27410 90.267800 390.936000
:rotm r13 -.84860018559318365078 -.48803052410566794693 .20421540723550052458 .52903471059205015367 -.78282726074388485262 .32757251842151144425 0 .38601513879299186692 .92249244583499285448
:place hexPMT 13 hall r13 85.26280 136.768000 368.007000
:rotm r14 -.84860018559318365078 -.48803052410566794693 .20421540723550052458 .52903471059205015367 -.78282726074388485262 .32757251842151144425 0 .38601513879299186692 .92249244583499285448
:place hexPMT 14 hall r14 115.58300 84.275400 379.934000
:rotm r15 -.84860018559318365078 -.48803052410566794693 .20421540723550052458 .52903471059205015367 -.78282726074388485262 .32757251842151144425 0 .38601513879299186692 .92249244583499285448
:place hexPMT 15 hall r15 144.57200 130.775000 357.005000
:rotm r16 -.84860018559318365078 -.48803052410566794693 .20421540723550052458 .52903471059205015367 -.78282726074388485262 .32757251842151144425 0 .38601513879299186692 .92249244583499285448
:place hexPMT 16 hall r16 24.78250 140.881000 379.934000
:rotm r17 -.84860018559318365078 -.48803052410566794693 .20421540723550052458 .52903471059205015367 -.78282726074388485262 .32757251842151144425 0 .38601513879299186692 .92249244583499285448
:place hexPMT 17 hall r17 53.77120 187.381000 357.005000
:rotm r18 .06706830497137071218 .99749004628916870865 -.02270352444664214551 -.94481826722820193297 .07080683266920481909 .31985126912246765444 .32065602189911421005 -.00000117783533607489 .94719571135982636060
:place hexPMT 18 hall r18 -6.70357 94.428500 403.386000
:rotm r19 .06706830497137071218 .99749004628916870865 -.02270352444664214551 -.94481826722820193297 .07080683266920481909 .31985126912246765444 .32065602189911421005 -.00000117783533607489 .94719571135982636060
:place hexPMT 19 hall r19 -13.72590 193.404000 369.795000
:rotm r20 -.84860018559318365078 -.45002390403142360016 .27812984523695098155 .52903471059205015367 -.72186259395920595751 .44613526024208430367 0 .52573080682303808873 .85065099703532788359
:place hexPMT 20 hall r20 22.31690 238.055000 345.968000
:rotm r21 -.76536848076154807063 .59370906364140350327 -.24843638301747935724 -.64359233110468292844 -.70604664178273315414 .29544382032895030401 0 .38601513879299186692 .92249244583499285448
:place hexPMT 21 hall r21 -33.19360 39.474600 413.865000
:rotm r22 -.76536848076154807063 .59370906364140350327 -.24843638301747935724 -.64359233110468292844 -.70604664178273315414 .29544382032895030401 0 .38601513879299186692 .92249244583499285448
:place hexPMT 22 hall r22 -68.45990 81.413900 390.936000
:rotm r23 -.76536848076154807063 .59370906364140350327 -.24843638301747935724 -.64359233110468292844 -.70604664178273315414 .29544382032895030401 0 .38601513879299186692 .92249244583499285448
:place hexPMT 23 hall r23 -103.72600 123.353000 368.007000
:rotm r24 -.76536848076154807063 .59370906364140350327 -.24843638301747935724 -.64359233110468292844 -.70604664178273315414 .29544382032895030401 0 .38601513879299186692 .92249244583499285448
:place hexPMT 24 hall r24 -44.43310 135.969000 379.934000
:rotm r25 -.76536848076154807063 .59370906364140350327 -.24843638301747935724 -.64359233110468292844 -.70604664178273315414 .29544382032895030401 0 .38601513879299186692 .92249244583499285448
:place hexPMT 25 hall r25 -79.69930 177.908000 357.005000
:rotm r26 -.76536848076154807063 .59370906364140350327 -.24843638301747935724 -.64359233110468292844 -.70604664178273315414 .29544382032895030401 0 .38601513879299186692 .92249244583499285448
:place hexPMT 26 hall r26 -126.32800 67.104300 379.934000
:rotm r27 -.76536848076154807063 .59370906364140350327 -.24843638301747935724 -.64359233110468292844 -.70604664178273315414 .29544382032895030401 0 .38601513879299186692 .92249244583499285448
:place hexPMT 27 hall r27 -161.59400 109.044000 357.005000
:rotm r28 .91930148629724587572 .24089722439075376463 -.31121263562475332575 -.22817645126416845361 .97055063097163742629 .07724622844545243603 .32065602189911421005 -.00000117783533607489 .94719571135982636060
:place hexPMT 28 hall r28 -91.87830 22.804600 403.386000
:rotm r29 .91930148629724587572 .24089722439075376463 -.31121263562475332575 -.22817645126416845361 .97055063097163742629 .07724622844545243603 .32065602189911421005 -.00000117783533607489 .94719571135982636060
:place hexPMT 29 hall r29 -188.17900 46.710800 369.795000
:rotm r30 -.76536848076154807063 .54747245813848939939 -.33835631549678482845 -.64359233110468292844 -.65106146125922503413 .40237778890769157256 0 .52573080682303808873 .85065099703532788359
:place hexPMT 30 hall r30 -219.50700 94.787500 345.968000
:rotm r31 .37557426834536599074 .85495889641306263673 -.35775585865363693521 -.92679230087266209310 .34646442539860460761 -.14497735332241282479 0 .38601513879299186692 .92249244583499285448
:place hexPMT 31 hall r31 -47.80000 -19.370700 413.865000
:rotm r32 .37557426834536599074 .85495889641306263673 -.35775585865363693521 -.92679230087266209310 .34646442539860460761 -.14497735332241282479 0 .38601513879299186692 .92249244583499285448
:place hexPMT 32 hall r32 -98.58450 -39.950800 390.936000
:rotm r33 .37557426834536599074 .85495889641306263673 -.35775585865363693521 -.92679230087266209310 .34646442539860460761 -.14497735332241282479 0 .38601513879299186692 .92249244583499285448
:place hexPMT 33 hall r33 -149.36900 -60.530900 368.007000
:rotm r34 .37557426834536599074 .85495889641306263673 -.35775585865363693521 -.92679230087266209310 .34646442539860460761 -.14497735332241282479 0 .38601513879299186692 .92249244583499285448
:place hexPMT 34 hall r34 -143.04400 -0.241882 379.934000
:rotm r35 .37557426834536599074 .85495889641306263673 -.35775585865363693521 -.92679230087266209310 .34646442539860460761 -.14497735332241282479 0 .38601513879299186692 .92249244583499285448
:place hexPMT 35 hall r35 -193.82900 -20.822000 357.005000
:rotm r36 .37557426834536599074 .85495889641306263673 -.35775585865363693521 -.92679230087266209310 .34646442539860460761 -.14497735332241282479 0 .38601513879299186692 .92249244583499285448
:place hexPMT 36 hall r36 -102.85800 -99.408800 379.934000
:rotm r37 .37557426834536599074 .85495889641306263673 -.35775585865363693521 -.92679230087266209310 .34646442539860460761 -.14497735332241282479 0 .38601513879299186692 .92249244583499285448
:place hexPMT 37 hall r37 -153.64200 -119.989000 357.005000
:rotm r38 .50109576659674848528 -.84860237199794150824 -.16963798789859617673 .80379272721184268814 .52903120346353862483 -.27210887057071154038 .32065602189911421005 -.00000117783533607489 .94719571135982636060
:place hexPMT 38 hall r38 -50.08040 -80.334500 403.386000
:rotm r39 .50109576659674848528 -.84860237199794150824 -.16963798789859617673 .80379272721184268814 .52903120346353862483 -.27210887057071154038 .32065602189911421005 -.00000117783533607489 .94719571135982636060
:place hexPMT 39 hall r39 -102.57500 -164.535000 369.795000
:rotm r40 .37557426834536599074 .78837679478199559005 -.48724326409516450953 -.92679230087266209310 .31948262582879936438 -.19745096311918147667 0 .52573080682303808873 .85065099703532788359
:place hexPMT 40 hall r40 -157.98000 -179.473000 345.968000
:rotm r41 .99749021146772698956 -.06531662163052300920 .02733161109126912597 .07080450569045229730 .92017718487332770818 -.38504632242436544144 0 .38601513879299186692 .92249244583499285448
:place hexPMT 41 hall r41 3.65162 -51.446400 413.865000
:rotm r42 .99749021146772698956 -.06531662163052300920 .02733161109126912597 .07080450569045229730 .92017718487332770818 -.38504632242436544144 0 .38601513879299186692 .92249244583499285448
:place hexPMT 42 hall r42 7.53115 -106.105000 390.936000
:rotm r43 .99749021146772698956 -.06531662163052300920 .02733161109126912597 .07080450569045229730 .92017718487332770818 -.38504632242436544144 0 .38601513879299186692 .92249244583499285448
:place hexPMT 43 hall r43 11.41080 -160.764000 368.007000
:rotm r44 .99749021146772698956 -.06531662163052300920 .02733161109126912597 .07080450569045229730 .92017718487332770818 -.38504632242436544144 0 .38601513879299186692 .92249244583499285448
:place hexPMT 44 hall r44 -43.97300 -136.118000 379.934000
:rotm r45 .99749021146772698956 -.06531662163052300920 .02733161109126912597 .07080450569045229730 .92017718487332770818 -.38504632242436544144 0 .38601513879299186692 .92249244583499285448
:place hexPMT 45 hall r45 -40.09330 -190.776000 357.005000
:rotm r46 .99749021146772698956 -.06531662163052300920 .02733161109126912597 .07080450569045229730 .92017718487332770818 -.38504632242436544144 0 .38601513879299186692 .92249244583499285448
:place hexPMT 46 hall r46 62.75830 -128.543000 379.934000
:rotm r47 .99749021146772698956 -.06531662163052300920 .02733161109126912597 .07080450569045229730 .92017718487332770818 -.38504632242436544144 0 .38601513879299186692 .92249244583499285448
:place hexPMT 47 hall r47 66.63840 -183.201000 357.005000
:rotm r48 -.60961168331910890290 -.76536537499798781859 .20637208705401988808 .72495055774906282106 -.64359602450046425596 -.24541973446836043880 .32065602189911421005 -.00000117783533607489 .94719571135982636060
:place hexPMT 48 hall r48 60.92700 -72.454000 403.386000
:rotm r49 -.60961168331910890290 -.76536537499798781859 .20637208705401988808 .72495055774906282106 -.64359602450046425596 -.24541973446836043880 .32065602189911421005 -.00000117783533607489 .94719571135982636060
:place hexPMT 49 hall r49 124.78400 -148.399000 369.795000
:rotm r50 .99749021146772698956 -.06022992336017679341 .03722410990334787780 .07080450569045229730 .84851604291800201506 -.52441133367301099038 0 .52573080682303808873 .85065099703532788359
:place hexPMT 50 hall r50 121.87000 -205.708000 345.968000
:rotm r51 -.99749035384683257157 .05365395737180866785 .04619790948587270268 -.07080249981125689820 -.75591165212945328963 -.65083375772573241867 .00000173139124247925 -.65247132276695849752 .75781341566624284074
:place hexPMT 51 hall r51 24.57570 -346.236000 231.217000
:rotm r52 -.99749035384683257157 .05365395737180866785 .04619790948587270268 -.07080249981125689820 -.75591165212945328963 -.65083375772573241867 .00000173139124247925 -.65247132276695849752 .75781341566624284074
:place hexPMT 52 hall r52 21.38860 -301.334000 269.974000
:rotm r53 -.99749035384683257157 .05365395737180866785 .04619790948587270268 -.07080249981125689820 -.75591165212945328963 -.65083375772573241867 .00000173139124247925 -.65247132276695849752 .75781341566624284074
:place hexPMT 53 hall r53 18.20160 -256.433000 308.731000
:rotm r54 -.99749035384683257157 .05365395737180866785 .04619790948587270268 -.07080249981125689820 -.75591165212945328963 -.65083375772573241867 .00000173139124247925 -.65247132276695849752 .75781341566624284074
:place hexPMT 54 hall r54 73.22490 -276.003000 288.569000
:rotm r55 -.99749035384683257157 .05365395737180866785 .04619790948587270268 -.07080249981125689820 -.75591165212945328963 -.65083375772573241867 .00000173139124247925 -.65247132276695849752 .75781341566624284074
:place hexPMT 55 hall r55 70.03800 -231.102000 327.326000
:rotm r56 -.99749035384683257157 .05365395737180866785 .04619790948587270268 -.07080249981125689820 -.75591165212945328963 -.65083375772573241867 .00000173139124247925 -.65247132276695849752 .75781341566624284074
:place hexPMT 56 hall r56 -33.50640 -283.579000 288.569000
:rotm r57 -.99749035384683257157 .05365395737180866785 .04619790948587270268 -.07080249981125689820 -.75591165212945328963 -.65083375772573241867 .00000173139124247925 -.65247132276695849752 .75781341566624284074
:place hexPMT 57 hall r57 -36.69340 -238.678000 327.326000
:rotm r58 .59992061508596336148 .78837521890712345921 -.13623424609115196674 -.58850303604122840606 .31948605353009774379 -.74269296359264111358 -.54199578611381842484 .52573108697594503603 .65562747961167346604
:place hexPMT 58 hall r58 -32.38450 -329.669000 248.900000
:rotm r59 .59992061508596336148 .78837521890712345921 -.13623424609115196674 -.58850303604122840606 .31948605353009774379 -.74269296359264111358 -.54199578611381842484 .52573108697594503603 .65562747961167346604
:place hexPMT 59 hall r59 -95.22720 -268.019000 305.678000
:rotm r60 -.99749037128972493245 .06022727643012073481 .03722410990334787780 -.07080225407669212732 -.84851623080112820099 -.52441133367301099038 .00000139507390297499 -.52573080682118711179 .85065099703532788359
:place hexPMT 60 hall r60 -91.59290 -220.859000 345.968000
:rotm r61 -.27812499361771853971 .90861401432612461750 -.31155587122586701444 -.44613962694539895475 -.40943987763862809703 -.79581305585437934713 -.85065029312530320929 -.08233808091903927734 .51924418074390151765
:place hexPMT 61 hall r61 -23.22450 -365.607000 199.341000
:rotm r62 -.27812499361771853971 .90861401432612461750 -.31155587122586701444 -.44613962694539895475 -.40943987763862809703 -.79581305585437934713 -.85065029312530320929 -.08233808091903927734 .51924418074390151765
:place hexPMT 62 hall r62 -77.19600 -341.285000 204.232000
:rotm r63 -.27812499361771853971 .90861401432612461750 -.31155587122586701444 -.44613962694539895475 -.40943987763862809703 -.79581305585437934713 -.85065029312530320929 -.08233808091903927734 .51924418074390151765
:place hexPMT 63 hall r63 -131.16700 -316.964000 209.123000
:rotm r64 -.27812499361771853971 .90861401432612461750 -.31155587122586701444 -.44613962694539895475 -.40943987763862809703 -.79581305585437934713 -.85065029312530320929 -.08233808091903927734 .51924418074390151765
:place hexPMT 64 hall r64 -88.21160 -305.748000 252.089000
:rotm r65 -.27812499361771853971 .90861401432612461750 -.31155587122586701444 -.44613962694539895475 -.40943987763862809703 -.79581305585437934713 -.85065029312530320929 -.08233808091903927734 .51924418074390151765
:place hexPMT 65 hall r65 -142.18300 -281.427000 256.980000
:rotm r66 -.27812499361771853971 .90861401432612461750 -.31155587122586701444 -.44613962694539895475 -.40943987763862809703 -.79581305585437934713 -.85065029312530320929 -.08233808091903927734 .51924418074390151765
:place hexPMT 66 hall r66 -117.97100 -353.485000 161.069000
:rotm r67 -.27812499361771853971 .90861401432612461750 -.31155587122586701444 -.44613962694539895475 -.40943987763862809703 -.79581305585437934713 -.85065029312530320929 -.08233808091903927734 .51924418074390151765
:place hexPMT 67 hall r67 -171.94300 -329.163000 165.960000
:rotm r68 .90961464726475874877 -.33835585294815893334 -.24107366147535148545 -.09172944441168402290 .40237914170064726790 -.91086592611216619032 .40519983034218102947 .85065054111543024077 .33497276664035456389
:place hexPMT 68 hall r68 -63.33540 -379.319000 154.234000
:rotm r69 .90961464726475874877 -.33835585294815893334 -.24107366147535148545 -.09172944441168402290 .40237914170064726790 -.91086592611216619032 .40519983034218102947 .85065054111543024077 .33497276664035456389
:place hexPMT 69 hall r69 -158.62300 -369.707000 111.789000
:rotm r70 -.27813371784083785773 .84859950972822255447 -.45002278507765971434 -.44613517839652218554 -.52903579470510038413 -.72186185002245838625 -.85064977375952820323 -.00000312461109017724 .52573278611201364621
:place hexPMT 70 hall r70 -212.78700 -341.326000 122.800000
:rotm r71 .82559721234188127274 .54168121642892124445 -.15802120978336669454 -.20492963425104232217 .02691684994540881994 -.97840652501644241983 -.52573100344096944477 .84015292831549455146 .13322900984339276896
:place hexPMT 71 hall r71 -2.70973 -390.003000 147.766000
:rotm r72 .82559721234188127274 .54168121642892124445 -.15802120978336669454 -.20492963425104232217 .02691684994540881994 -.97840652501644241983 -.52573100344096944477 .84015292831549455146 .13322900984339276896
:place hexPMT 72 hall r72 -34.88550 -391.602000 97.860400
:rotm r73 .82559721234188127274 .54168121642892124445 -.15802120978336669454 -.20492963425104232217 .02691684994540881994 -.97840652501644241983 -.52573100344096944477 .84015292831549455146 .13322900984339276896
:place hexPMT 73 hall r73 -67.06140 -393.201000 47.955300
:rotm r74 .82559721234188127274 .54168121642892124445 -.15802120978336669454 -.20492963425104232217 .02691684994540881994 -.97840652501644241983 -.52573100344096944477 .84015292831549455146 .13322900984339276896
:place hexPMT 74 hall r74 -94.49300 -381.406000 102.043000
:rotm r75 .82559721234188127274 .54168121642892124445 -.15802120978336669454 -.20492963425104232217 .02691684994540881994 -.97840652501644241983 -.52573100344096944477 .84015292831549455146 .13322900984339276896
:place hexPMT 75 hall r75 -126.66900 -383.005000 52.137600
:rotm r76 .82559721234188127274 .54168121642892124445 -.15802120978336669454 -.20492963425104232217 .02691684994540881994 -.97840652501644241983 -.52573100344096944477 .84015292831549455146 .13322900984339276896
:place hexPMT 76 hall r76 -6.15400 -403.333000 45.789400
:rotm r77 .82559721234188127274 .54168121642892124445 -.15802120978336669454 -.20492963425104232217 .02691684994540881994 -.97840652501644241983 -.52573100344096944477 .84015292831549455146 .13322900984339276896
:place hexPMT 77 hall r77 -38.32990 -404.932000 -4.115640
:rotm r78 -.00968944039071486942 -.99749017588315438361 .07013888908094079704 .13645245659186270301 -.07080500690878988423 -.98811303912391118769 .99059923371409923982 -.00000363867416070006 .13679604581931249048
:place hexPMT 78 hall r78 28.54380 -402.123000 95.727600
:rotm r79 -.00968944039071486942 -.99749017588315438361 .07013888908094079704 .13645245659186270301 -.07080500690878988423 -.98811303912391118769 .99059923371409923982 -.00000363867416070006 .13679604581931249048
:place hexPMT 79 hall r79 29.55520 -416.417000 -8.043180
:rotm r80 .82559790778800941497 .51024611830058622127 -.24090868273112464509 -.20492733691967044137 -.12665614873250325380 -.97054778685609390783 -.52573080681949139416 .85065099702958920663 -.00000367320510337250
:place hexPMT 80 hall r80 -9.63980 -416.659000 -56.253200
:rotm r81 .78837533357728368369 -.54005260008104638576 .29463116358017536634 .31948590802703341100 -.04986227219653002123 -.94627824046817281629 .52573100344096944477 .84015292831549455146 .13322900984339276896
:place hexPMT 81 hall r81 57.76950 -385.711000 147.766000
:rotm r82 .78837533357728368369 -.54005260008104638576 .29463116358017536634 .31948590802703341100 -.04986227219653002123 -.94627824046817281629 .52573100344096944477 .84015292831549455146 .13322900984339276896
:place hexPMT 82 hall r82 89.84790 -382.748000 97.860400
:rotm r83 .78837533357728368369 -.54005260008104638576 .29463116358017536634 .31948590802703341100 -.04986227219653002123 -.94627824046817281629 .52573100344096944477 .84015292831549455146 .13322900984339276896
:place hexPMT 83 hall r83 121.92700 -379.786000 47.955300
:rotm r84 .78837533357728368369 -.54005260008104638576 .29463116358017536634 .31948590802703341100 -.04986227219653002123 -.94627824046817281629 .52573100344096944477 .84015292831549455146 .13322900984339276896
:place hexPMT 84 hall r84 63.06160 -398.420000 45.789400
:rotm r85 .78837533357728368369 -.54005260008104638576 .29463116358017536634 .31948590802703341100 -.04986227219653002123 -.94627824046817281629 .52573100344096944477 .84015292831549455146 .13322900984339276896
:place hexPMT 85 hall r85 95.14100 -395.458000 -4.115640
:rotm r86 .78837533357728368369 -.54005260008104638576 .29463116358017536634 .31948590802703341100 -.04986227219653002123 -.94627824046817281629 .52573100344096944477 .84015292831549455146 .13322900984339276896
:place hexPMT 86 hall r86 147.41800 -364.235000 102.043000
:rotm r87 .78837533357728368369 -.54005260008104638576 .29463116358017536634 .31948590802703341100 -.04986227219653002123 -.94627824046817281629 .52573100344096944477 .84015292831549455146 .13322900984339276896
:place hexPMT 87 hall r87 179.49700 -361.273000 52.137600
:rotm r88 -.88753827678256111908 -.27812888406129138430 .36731475752637909185 -.21929079819521514370 -.44613723372328107865 -.86768261162284674360 .40520038631860576869 -.85065027628077521689 .33497276664035456389
:place hexPMT 88 hall r88 116.27800 -366.568000 154.235000
:rotm r89 -.88753827678256111908 -.27812888406129138430 .36731475752637909185 -.21929079819521514370 -.44613723372328107865 -.86768261162284674360 .40520038631860576869 -.85065027628077521689 .33497276664035456389
:place hexPMT 89 hall r89 209.25200 -343.597000 111.786000
:rotm r90 .78837506859469005848 -.48724057545165047720 .37558137979918845199 .31948688545736015239 -.19745759769153050522 -.92678941898073335785 .52573080681949139416 .85065099702958920663 -.00000367320510337250
:place hexPMT 90 hall r90 237.10700 -342.750000 56.253200
:rotm r91 -.33835293406201480145 -.84167187576552737552 .42083933461234884346 .40238212039982789409 -.53367489539597831021 -.74382775909926218420 .85065029312530320929 -.08233808091903927734 .51924418074390151765
:place hexPMT 91 hall r91 74.63270 -358.661000 199.341000
:rotm r92 -.33835293406201480145 -.84167187576552737552 .42083933461234884346 .40238212039982789409 -.53367489539597831021 -.74382775909926218420 .85065029312530320929 -.08233808091903927734 .51924418074390151765
:place hexPMT 92 hall r92 124.62800 -326.960000 204.232000
:rotm r93 -.33835293406201480145 -.84167187576552737552 .42083933461234884346 .40238212039982789409 -.53367489539597831021 -.74382775909926218420 .85065029312530320929 -.08233808091903927734 .51924418074390151765
:place hexPMT 93 hall r93 174.62300 -295.260000 209.123000
:rotm r94 -.33835293406201480145 -.84167187576552737552 .42083933461234884346 .40238212039982789409 -.53367489539597831021 -.74382775909926218420 .85065029312530320929 -.08233808091903927734 .51924418074390151765
:place hexPMT 94 hall r94 166.71800 -333.278000 161.069000
:rotm r95 -.33835293406201480145 -.84167187576552737552 .42083933461234884346 .40238212039982789409 -.53367489539597831021 -.74382775909926218420 .85065029312530320929 -.08233808091903927734 .51924418074390151765
:place hexPMT 95 hall r95 216.71300 -301.577000 165.960000
:rotm r96 -.33835293406201480145 -.84167187576552737552 .42083933461234884346 .40238212039982789409 -.53367489539597831021 -.74382775909926218420 .85065029312530320929 -.08233808091903927734 .51924418074390151765
:place hexPMT 96 hall r96 130.51300 -290.223000 252.089000
:rotm r97 -.33835293406201480145 -.84167187576552737552 .42083933461234884346 .40238212039982789409 -.53367489539597831021 -.74382775909926218420 .85065029312530320929 -.08233808091903927734 .51924418074390151765
:place hexPMT 97 hall r97 180.50900 -258.522000 256.980000
:rotm r98 -.51078151904100853523 .82559847478029380519 .23976946896261085235 -.66733896588764154493 -.20492802364874577994 -.71600503471095249326 -.54199718118655656856 -.52572964873960804990 .65562747961167346604
:place hexPMT 98 hall r98 78.62280 -321.789000 248.901000
:rotm r99 -.51078151904100853523 .82559847478029380519 .23976946896261085235 -.66733896588764154493 -.20492802364874577994 -.71600503471095249326 -.54199718118655656856 -.52572964873960804990 .65562747961167346604
:place hexPMT 99 hall r99 132.13200 -251.882000 305.676000
:rotm r100 -.33836094246922933998 -.76536637135759340866 .54747254744529911694 .40237648417147634776 -.64359483961973096712 -.65105978788484120194 .85064977375952820323 -.00000312461109017724 .52573278611201364621
:place hexPMT 100 hall r100 186.45700 -221.739000 304.840000
:rotm r101 -.37557240463336023969 -.70233663575506059748 -.60470539848274784839 .92679305612143955698 -.28461275980355975896 -.24505143966539634672 .00000173139124247925 -.65247132276695849752 .75781341566624284074
:place hexPMT 101 hall r101 -321.69500 -130.365000 231.217000
:rotm r102 -.37557240463336023969 -.70233663575506059748 -.60470539848274784839 .92679305612143955698 -.28461275980355975896 -.24505143966539634672 .00000173139124247925 -.65247132276695849752 .75781341566624284074
:place hexPMT 102 hall r102 -279.97700 -113.460000 269.974000
:rotm r103 -.37557240463336023969 -.70233663575506059748 -.60470539848274784839 .92679305612143955698 -.28461275980355975896 -.24505143966539634672 .00000173139124247925 -.65247132276695849752 .75781341566624284074
:place hexPMT 103 hall r103 -238.25800 -96.552900 308.731000
:rotm r104 -.37557240463336023969 -.70233663575506059748 -.60470539848274784839 .92679305612143955698 -.28461275980355975896 -.24505143966539634672 .00000173139124247925 -.65247132276695849752 .75781341566624284074
:place hexPMT 104 hall r104 -239.86700 -154.931000 288.569000
:rotm r105 -.37557240463336023969 -.70233663575506059748 -.60470539848274784839 .92679305612143955698 -.28461275980355975896 -.24505143966539634672 .00000173139124247925 -.65247132276695849752 .75781341566624284074
:place hexPMT 105 hall r105 -198.14900 -138.025000 327.326000
:rotm r106 -.37557240463336023969 -.70233663575506059748 -.60470539848274784839 .92679305612143955698 -.28461275980355975896 -.24505143966539634672 .00000173139124247925 -.65247132276695849752 .75781341566624284074
:place hexPMT 106 hall r106 -280.05400 -55.763800 288.569000
:rotm r107 -.37557240463336023969 -.70233663575506059748 -.60470539848274784839 .92679305612143955698 -.28461275980355975896 -.24505143966539634672 .00000173139124247925 -.65247132276695849752 .75781341566624284074
:place hexPMT 107 hall r107 -238.33500 -38.857900 327.326000
:rotm r108 -.37431167847439689542 .54747262684597277407 -.74844137393121845692 -.75241699555003654271 -.65106109317134100013 -.09994057117104505909 -.54199578611381842484 .52573108697594503603 .65562747961167346604
:place hexPMT 108 hall r108 -323.54100 -71.073400 248.900000
:rotm r109 -.37431167847439689542 .54747262684597277407 -.74844137393121845692 -.75241699555003654271 -.65106109317134100013 -.09994057117104505909 -.54199578611381842484 .52573108697594503603 .65562747961167346604
:place hexPMT 109 hall r109 -284.32700 7.744030 305.678000
:rotm r110 -.37557217631542782325 -.78837779139926498024 -.48724326409516450953 .92679314864523408644 -.31948016650108449493 -.19745096311918147667 .00000139507390297499 -.52573080682118711179 .85065099703532788359
:place hexPMT 110 hall r110 -238.35300 18.860700 345.968000
:rotm r111 -.51024923010485121051 -.10862422170985910448 -.85313920413689463454 .12664833983610811102 -.99066705753673727074 .05038828364074884075 -.85065029312530320929 -.08233808091903927734 .51924418074390151765
:place hexPMT 111 hall r111 -354.88900 -90.891100 199.341000
:rotm r112 -.51024923010485121051 -.10862422170985910448 -.85313920413689463454 .12664833983610811102 -.99066705753673727074 .05038828364074884075 -.85065029312530320929 -.08233808091903927734 .51924418074390151765
:place hexPMT 112 hall r112 -348.43700 -32.045400 204.232000
:rotm r113 -.51024923010485121051 -.10862422170985910448 -.85313920413689463454 .12664833983610811102 -.99066705753673727074 .05038828364074884075 -.85065029312530320929 -.08233808091903927734 .51924418074390151765
:place hexPMT 113 hall r113 -341.98500 26.800400 209.123000
:rotm r114 -.51024923010485121051 -.10862422170985910448 -.85313920413689463454 .12664833983610811102 -.99066705753673727074 .05038828364074884075 -.85065029312530320929 -.08233808091903927734 .51924418074390151765
:place hexPMT 114 hall r114 -318.04200 -10.587100 252.089000
:rotm r115 -.51024923010485121051 -.10862422170985910448 -.85313920413689463454 .12664833983610811102 -.99066705753673727074 .05038828364074884075 -.85065029312530320929 -.08233808091903927734 .51924418074390151765
:place hexPMT 115 hall r115 -311.59000 48.258500 256.980000
:rotm r116 -.51024923010485121051 -.10862422170985910448 -.85313920413689463454 .12664833983610811102 -.99066705753673727074 .05038828364074884075 -.85065029312530320929 -.08233808091903927734 .51924418074390151765
:place hexPMT 116 hall r116 -372.63900 2.964560 161.069000
:rotm r117 -.51024923010485121051 -.10862422170985910448 -.85313920413689463454 .12664833983610811102 -.99066705753673727074 .05038828364074884075 -.85065029312530320929 -.08233808091903927734 .51924418074390151765
:place hexPMT 117 hall r117 -366.18600 61.810200 165.960000
:rotm r118 .19384565994169832528 .27812801475698051605 -.94078088178337695293 -.89344107674341633839 .44613727069968784858 -.05219749112934723323 .40519983034218102947 .85065054111543024077 .33497276664035456389
:place hexPMT 118 hall r118 -380.32500 -56.980700 154.234000
:rotm r119 .19384565994169832528 .27812801475698051605 -.94078088178337695293 -.89344107674341633839 .44613727069968784858 -.05219749112934723323 .40519983034218102947 .85065054111543024077 .33497276664035456389
:place hexPMT 119 hall r119 -400.63000 36.613900 111.789000
:rotm r120 -.51024896176218779173 -.24090247542275514040 -.82559796169552058572 .12665290925783309396 -.97054932761061952171 .20492204188691228998 -.85064977375952820323 -.00000312461109017724 .52573278611201364621
:place hexPMT 120 hall r120 -390.37500 96.897300 122.800000
:rotm r121 .06022650276392987878 .19298969864200416973 -.97935067497954723193 -.84851616389187172659 -.50685109574801935851 -.15206014058014806426 -.52573100344096944477 .84015292831549455146 .13322900984339276896
:place hexPMT 121 hall r121 -371.75200 -117.940000 147.766000
:rotm r122 .06022650276392987878 .19298969864200416973 -.97935067497954723193 -.84851616389187172659 -.50685109574801935851 -.15206014058014806426 -.52573100344096944477 .84015292831549455146 .13322900984339276896
:place hexPMT 122 hall r122 -383.21600 -87.833900 97.860400
:rotm r123 .06022650276392987878 .19298969864200416973 -.97935067497954723193 -.84851616389187172659 -.50685109574801935851 -.15206014058014806426 -.52573100344096944477 .84015292831549455146 .13322900984339276896
:place hexPMT 123 hall r123 -394.68000 -57.726600 47.955300
:rotm r124 .06022650276392987878 .19298969864200416973 -.97935067497954723193 -.84851616389187172659 -.50685109574801935851 -.15206014058014806426 -.52573100344096944477 .84015292831549455146 .13322900984339276896
:place hexPMT 124 hall r124 -391.93900 -27.992200 102.043000
:rotm r125 .06022650276392987878 .19298969864200416973 -.97935067497954723193 -.84851616389187172659 -.50685109574801935851 -.15206014058014806426 -.52573100344096944477 .84015292831549455146 .13322900984339276896
:place hexPMT 125 hall r125 -403.40100 2.114160 52.137600
:rotm r126 .06022650276392987878 .19298969864200416973 -.97935067497954723193 -.84851616389187172659 -.50685109574801935851 -.15206014058014806426 -.52573100344096944477 .84015292831549455146 .13322900984339276896
:place hexPMT 126 hall r126 -385.49400 -118.784000 45.789400
:rotm r127 .06022650276392987878 .19298969864200416973 -.97935067497954723193 -.84851616389187172659 -.50685109574801935851 -.15206014058014806426 -.52573100344096944477 .84015292831549455146 .13322900984339276896
:place hexPMT 127 hall r127 -396.95800 -88.677300 -4.115640
:rotm r128 .12678014249298825378 -.37557473403736611124 -.91807974306277954359 .05138047911899018162 .92679211214787632100 -.37204358242816291611 .99059923371409923982 -.00000363867416070006 .13679604581931249048
:place hexPMT 128 hall r128 -373.62200 -151.410000 95.727600
:rotm r129 .12678014249298825378 -.37557473403736611124 -.91807974306277954359 .05138047911899018162 .92679211214787632100 -.37204358242816291611 .99059923371409923982 -.00000363867416070006 .13679604581931249048
:place hexPMT 129 hall r129 -386.90300 -156.789000 -8.043180
:rotm r130 -.06023404377248763668 -.03722223711051299751 -.99749003254934973427 .84851646006214687166 .52441031840763616023 -.07080702614292434678 .52572966149383007421 -.85065170487814247840 -.00000367320510337250
:place hexPMT 130 hall r130 -412.13300 61.995600 56.253200
:rotm r131 .54747122177624575266 -.21430779899147410824 -.80891744239956568484 -.65106234213612455883 .49821202748862798072 -.57262780435278768001 .52573100344096944477 .84015292831549455146 .13322900984339276896
:place hexPMT 131 hall r131 -348.98100 -174.133000 147.766000
:rotm r132 .54747122177624575266 -.21430779899147410824 -.80891744239956568484 -.65106234213612455883 .49821202748862798072 -.57262780435278768001 .52573100344096944477 .84015292831549455146 .13322900984339276896
:place hexPMT 132 hall r132 -336.25100 -203.726000 97.860400
:rotm r133 .54747122177624575266 -.21430779899147410824 -.80891744239956568484 -.65106234213612455883 .49821202748862798072 -.57262780435278768001 .52573100344096944477 .84015292831549455146 .13322900984339276896
:place hexPMT 133 hall r133 -323.52100 -233.320000 47.955300
:rotm r134 .54747122177624575266 -.21430779899147410824 -.80891744239956568484 -.65106234213612455883 .49821202748862798072 -.57262780435278768001 .52573100344096944477 .84015292831549455146 .13322900984339276896
:place hexPMT 134 hall r134 -359.43300 -183.094000 45.789400
:rotm r135 .54747122177624575266 -.21430779899147410824 -.80891744239956568484 -.65106234213612455883 .49821202748862798072 -.57262780435278768001 .52573100344096944477 .84015292831549455146 .13322900984339276896
:place hexPMT 135 hall r135 -346.70200 -212.687000 -4.115640
:rotm r136 .54747122177624575266 -.21430779899147410824 -.80891744239956568484 -.65106234213612455883 .49821202748862798072 -.57262780435278768001 .52573100344096944477 .84015292831549455146 .13322900984339276896
:place hexPMT 136 hall r136 -300.85300 -252.758000 102.043000
:rotm r137 .54747122177624575266 -.21430779899147410824 -.80891744239956568484 -.65106234213612455883 .49821202748862798072 -.57262780435278768001 .52573100344096944477 .84015292831549455146 .13322900984339276896
:place hexPMT 137 hall r137 -288.12400 -282.351000 52.137600
:rotm r138 -.48282317730021914099 -.51024840952891223029 -.71170804409879801686 .77633396575763306927 .12665175891655142385 -.61746652182476253010 .40520038631860576869 -.85065027628077521689 .33497276664035456389
:place hexPMT 138 hall r138 -312.69500 -223.863000 154.235000
:rotm r139 -.48282317730021914099 -.51024840952891223029 -.71170804409879801686 .77633396575763306927 .12665175891655142385 -.61746652182476253010 .40520038631860576869 -.85065027628077521689 .33497276664035456389
:place hexPMT 139 hall r139 -262.11800 -305.187000 111.786000
:rotm r140 -.54746601440236942899 .33835461935323969537 -.76537383979118916755 .65106780453341990812 -.40237771875469678617 -.64358595801166969022 -.52572966149383007421 -.85065170487814247840 -.00000367320510337250
:place hexPMT 140 hall r140 -369.86300 -192.090000 -56.253200
:rotm r141 .27813085738054141387 -.76764657475733485919 -.57737506218756663152 .44613597140176968614 .63556209507325186565 -.63009802279288108976 .85065029312530320929 -.08233808091903927734 .51924418074390151765
:place hexPMT 141 hall r141 -318.04400 -181.812000 199.341000
:rotm r142 .27813085738054141387 -.76764657475733485919 -.57737506218756663152 .44613597140176968614 .63556209507325186565 -.63009802279288108976 .85065029312530320929 -.08233808091903927734 .51924418074390151765
:place hexPMT 142 hall r142 -272.44500 -219.564000 204.232000
:rotm r143 .27813085738054141387 -.76764657475733485919 -.57737506218756663152 .44613597140176968614 .63556209507325186565 -.63009802279288108976 .85065029312530320929 -.08233808091903927734 .51924418074390151765
:place hexPMT 143 hall r143 -226.84700 -257.317000 209.123000
:rotm r144 .27813085738054141387 -.76764657475733485919 -.57737506218756663152 .44613597140176968614 .63556209507325186565 -.63009802279288108976 .85065029312530320929 -.08233808091903927734 .51924418074390151765
:place hexPMT 144 hall r144 -265.44800 -261.546000 161.069000
:rotm r145 .27813085738054141387 -.76764657475733485919 -.57737506218756663152 .44613597140176968614 .63556209507325186565 -.63009802279288108976 .85065029312530320929 -.08233808091903927734 .51924418074390151765
:place hexPMT 145 hall r145 -219.84900 -299.298000 165.960000
:rotm r146 .27813085738054141387 -.76764657475733485919 -.57737506218756663152 .44613597140176968614 .63556209507325186565 -.63009802279288108976 .85065029312530320929 -.08233808091903927734 .51924418074390151765
:place hexPMT 146 hall r146 -235.68800 -213.809000 252.089000
:rotm r147 .27813085738054141387 -.76764657475733485919 -.57737506218756663152 .44613597140176968614 .63556209507325186565 -.63009802279288108976 .85065029312530320929 -.08233808091903927734 .51924418074390151765
:place hexPMT 147 hall r147 -190.08900 -251.561000 256.980000
:rotm r148 -.79251753861920730504 .06022672762096088576 -.60686793642523563867 .27956216941278057734 -.84851698728793810935 -.44929268380090594201 -.54199718118655656856 -.52572964873960804990 .65562747961167346604
:place hexPMT 148 hall r148 -281.74400 -174.213000 248.901000
